00010117
fe010113
00000097
00c080e7
0000006f
00400713
00200793
00000e13
00000f13
00000e97
0ace8e93
00000f97
0c4f8f93
00000813
ff810113
01312223
01212023
06ee0263
04ff0a63
00078613
000e0693
00000097
064080e7
01e50833
00400613
00080693
00000097
050080e7
00050813
01d80833
00082903
41d80833
01f80833
00082983
01390933
01282023
00000833
001f0f13
fb1ff06f
00000f13
001e0e13
fa1ff06f
00412983
01212023
00810113
01c0006f
00000513
00068863
00c50533
fff68693
ff5ff06f
00008067
00000001
00000001
00000001
00000001
00000003
00000003
00000001
00000001
00000001
00000001
00000005
00000005
00000001
00000001
00000001
00000001
